3.29
1
1
64.91
1
2
57.74
2
3
56.24
1
2
20.65
1
1
95.77
2
2
85.61
1
2
1.59
3
3
61.73
2
3
75.66
1
3
91.42
2
2
70.09
3
3
1.45
2
1
80.36
3
1
35.73
1
2
71.02
2
3
97.71
1
1
23.14
3
1
32.36
1
3
44.21
3
1
19.84
1
1
73.93
2
1
36.76
3
1
23.45
2
2
42.35
2
2
95.34
1
1
91.04
1
1
12.88
2
2
40.74
1
3
72.21
3
2
14.9
2
2
51.2
2
1
65.88
3
3
73.73
2
1
64.49
1
1
0.78
1
3
26.51
1
1
65.41
1
2
14.28
2
3
93.67
3
1
33.44
3
3
36.19
3
1
73.47
1
2
19.69
2
2
36.06
3
2
85.51
3
3
63.87
2
2
42.63
3
3
13.62
2
2
44.03
2
3
32.46
2
1
17.04
2
1
30.64
2
1
65.35
3
3
65.04
3
1
40.01
2
1
31.29
1
3
59.3
1
3
82.15
1
3
14.08
2
1
99.57
3
3
0.3
3
1
57.56
1
2
64.05
2
3
87.29
2
3
53.39
3
1
61.38
2
2
66.74
2
2
78.58
1
1
48.44
3
2
92.68
1
3
47.14
2
2
19.58
3
1
88.87
1
3
28.47
3
2
23.23
2
2
93.79
1
2
58.2
2
1
27.34
2
1
0.75
3
3
3.75
2
1
2.38
3
1
4.26
2
1
84.01
3
3
24.22
1
2
55.36
3
1
69.48
3
1
33.98
3
2
30.88
3
2
9.37
2
2
27.5
2
2
53.21
1
1
47.35
1
3
16.77
3
2
94.66
1
2
23.82
2
2
53.6
2
1
62.26
2
3
56.45
3
1
23.41
2
1
74.21
2
2
97.3
1
2
56.21
2
2
95.77
2
3
83.48
1
1
72.04
1
2
11.19
2
2
29.24
3
2
15.73
3
2
18.54
2
3
14.45
1
2
89.39
3
2
15.47
2
2
87.33
2
1
18.31
1
1
48.52
3
3
44.3
3
1
71.41
1
1
44.0
1
3
45.23
3
1
26.07
1
1
49.95
2
3
76.99
3
2
92.86
3
3
64.44
1
1
38.53
1
3
90.96
1
1
30.8
2
3
33.04
3
2
71.81
2
3
70.56
1
3
14.53
3
2
13.12
2
2
9.79
1
3
47.66
2
2
51.04
3
3
91.09
2
2
11.53
3
2
81.92
1
1
11.82
2
2
20.56
2
2
19.93
1
2
36.82
2
1
39.09
3
1
99.41
1
2
8.27
1
1
70.65
3
3
13.12
1
2
21.24
2
3
15.39
1
1
60.34
2
3
19.35
2
3
11.7
1
1
44.03
2
2
65.97
3
1
90.54
3
2
82.48
1
1
65.79
3
1
43.29
1
2
41.54
2
2
87.32
2
2
81.02
3
2
72.35
1
3
83.95
2
2
0.7
2
3
82.29
3
2
97.93
1
2
71.05
1
1
64.04
2
1
34.18
2
3
77.77
2
3
90.92
3
3
81.43
3
3
72.24
2
3
99.71
3
3
1.97
3
2
63.54
3
1
37.61
2
2
31.68
3
1
68.31
1
3
18.7
2
1
51.66
1
2
75.73
1
3
39.53
1
2
48.0
2
2
8.09
3
1
22.0
3
2
64.36
3
2
93.97
3
3
72.37
1
2
79.79
2
1
8.53
2
2
36.95
2
3
58.98
1
1
76.61
1
1
70.26
2
1
16.15
3
3
5.23
2
2
3.05
1
3
13.71
3
2
99.41
3
2
41.02
2
1
36.25
3
1
94.89
2
2
57.89
1
2
23.83
3
1
8.95
1
1
31.93
2
1
74.48
2
2
47.86
1
1
39.79
3
3
75.72
3
3
5.61
3
3
40.26
2
2
12.7
1
3
32.98
2
1
42.43
2
3
43.77
1
1
51.56
1
3
40.12
2
1
90.24
3
1
50.34
1
3
62.24
3
1
73.82
1
1
34.73
2
1
87.35
2
2
82.32
1
2
48.94
2
3
48.06
1
1
38.73
2
1
13.94
3
1
42.34
2
2
69.44
2
1
61.22
2
3
49.42
1
2
17.58
3
2
81.22
1
2
78.67
3
1
78.73
1
2
2.1
3
2
75.58
2
1
90.55
2
3
9.4
3
1
43.72
3
2
77.05
3
2
73.02
3
2
26.14
1
3
18.9
3
3
78.02
1
2
40.54
1
2
77.42
2
1
94.76
1
1
50.03
1
1
77.95
1
1
2.8
2
3
85.27
3
1
14.43
3
2
56.74
3
1
50.9
1
3
40.61
2
1
84.38
1
2
95.23
1
2
25.59
1
2
73.72
2
1
7.01
2
3
99.88
2
2
85.78
1
1
40.44
3
2
75.32
1
3
54.83
2
3
43.63
3
3
74.74
3
3
7.28
2
3
34.06
1
1
64.87
2
3
4.8
2
1
66.15
2
2
22.11
2
2
43.8
2
1
85.27
2
2
62.39
2
1
30.38
1
3
51.34
3
1
55.0
1
2
87.0
2
3
96.81
1
1
38.28
3
2
43.37
1
2
53.97
1
1
22.82
3
3
2.11
1
3
78.89
2
1
51.02
2
2
1.77
2
2
49.5
3
1
81.09
3
2
68.47
1
3
94.1
1
3
23.27
2
1
55.97
1
1
18.7
3
3
25.54
1
3
26.47
2
3
99.21
1
1
28.73
1
1
50.81
1
2
55.24
1
3
99.02
2
3
63.13
2
2
66.42
1
1
27.56
3
2
84.55
2
3
82.28
1
1
5.06
2
3
82.98
2
2
85.43
1
1
47.16
2
1
15.07
3
2
18.74
3
2
76.87
2
3
18.76
1
1
2.26
3
1
71.86
2
1
24.08
3
1
74.92
3
1
70.25
2
2
30.69
1
2
50.87
1
1
37.1
3
1
68.16
3
2
67.97
1
2
98.0
3
2
59.88
3
2
95.84
2
2
90.94
3
2
74.72
3
3
81.17
1
2
64.48
1
1
20.45
1
3
21.7
1
1
3.97
2
1
16.38
1
2
82.62
1
1
96.33
2
1
98.95
3
2
65.5
2
3
37.74
2
3
69.62
3
2
12.69
1
1
67.28
1
1
26.23
1
3
62.05
2
1
99.89
3
2
69.07
2
1
46.32
1
2
58.57
2
1
17.96
3
1
80.75
3
1
70.99
1
1
27.02
1
2
3.98
3
2
57.86
1
3
3.68
1
1
83.86
1
1
34.06
2
2
1.4
2
1
89.42
3
1
55.68
1
3
32.86
2
3
38.61
3
3
0.93
3
1
35.75
3
3
48.48
3
2
69.47
3
1
15.22
2
2
88.42
2
1
2.89
2
3
49.76
2
3
97.0
2
3
92.7
3
1
31.29
3
1
54.45
1
1
10.43
2
1
96.74
3
1
20.36
2
1
96.98
3
3
21.42
2
2
95.36
1
3
21.23
2
3
23.8
1
1
31.8
1
3
68.52
3
1
64.0
1
2
58.86
1
2
77.57
1
1
22.4
3
2
50.79
3
1
0.62
3
1
11.34
3
1
72.39
3
3
26.81
3
2
72.28
1
3
29.21
3
2
10.57
3
1
13.06
1
3
39.46
1
1
8.43
3
1
2.73
1
1
71.29
3
1
79.21
3
2
24.36
1
3
2.05
2
1
44.21
2
1
1.36
1
1
66.15
1
1
69.83
1
1
30.93
3
2
27.93
3
2
59.02
3
2
41.61
2
3
39.61
1
1
32.55
3
3
25.31
1
3
63.2
1
1
7.14
2
1
96.46
2
1
63.75
1
3
34.58
2
3
94.73
2
2
28.34
2
3
48.63
2
3
72.87
2
1
95.81
2
2
85.91
1
2
59.97
2
1
69.47
3
1
62.38
2
3
4.21
3
2
99.16
2
3
43.02
3
3
59.9
3
3
74.41
1
2
51.14
1
2
78.96
1
2
55.03
2
1
6.43
1
1
0.16
1
3
98.87
2
3
60.83
2
2
94.5
2
2
78.3
2
1
6.11
1
3
25.69
3
1
36.28
1
2
43.92
2
3
96.47
3
2
90.17
1
2
4.0
2
2
91.31
3
2
70.09
3
1
84.87
2
2
85.56
3
1
17.93
3
1
54.97
3
3
3.4
1
1
2.64
2
2
61.24
1
3
17.47
1
1
3.63
1
2
91.12
2
3
2.1
2
2
67.28
3
1
92.28
1
1
1.08
1
2
27.19
2
2
41.81
3
1
67.03
2
3
1.98
3
3
22.03
1
1
82.98
1
1
12.99
2
1
79.45
3
3
3.16
3
1
95.96
3
3
15.67
3
2
52.54
3
3
24.17
2
2
6.64
2
1
88.28
3
2
39.91
2
3
50.67
2
2
52.88
2
3
56.4
3
3
77.83
3
2
60.95
3
1
75.22
1
2
91.99
1
1
34.33
1
1
69.59
3
3
7.08
2
1
0.2
2
1
92.94
3
1
40.46
2
1
37.83
3
1
16.52
2
2
11.46
2
1
21.08
2
3
5.09
2
3
55.36
1
3
18.81
3
3
12.22
2
3
93.39
2
1
43.39
2
2
26.95
2
1
38.27
1
2
69.44
3
1
71.58
2
2
64.39
2
1
99.3
3
2
37.35
1
2
51.46
3
2
59.29
3
1
84.3
1
2
44.84
3
2
97.48
3
2
5.39
2
1
3.48
2
1
94.17
2
3
3.23
1
3
12.12
2
2
89.1
1
3
37.35
2
1
73.76
2
1
84.37
2
1
83.01
2
3
24.27
2
3
26.79
2
3
82.44
1
1
20.72
1
3
87.61
1
1
23.13
1
3
97.17
3
1
46.09
1
1
31.87
2
1
2.25
1
2
59.46
2
1
73.83
1
3
60.55
3
2
49.88
3
2
69.4
3
3
23.63
1
2
17.58
1
1
19.73
1
3
89.1
1
3
73.63
2
3
77.08
3
3
33.76
1
2
77.32
2
2
82.46
2
1
59.52
2
1
41.02
2
1
83.75
2
1
90.3
1
3
63.51
2
3
81.57
1
1
51.94
2
1
98.99
1
2
83.66
2
1
65.22
2
3
71.4
2
2
68.68
1
3
99.98
3
1
82.98
1
2
41.1
2
3
79.96
2
1
39.12
2
1
72.91
2
3
43.74
3
1
50.08
3
1
11.38
3
1
17.37
2
2
85.05
3
3
97.17
3
3
56.51
1
1
23.71
2
2
50.72
2
2
92.96
2
1
20.19
1
1
90.04
3
2
49.82
3
3
95.52
2
2
6.19
2
1
14.68
2
2
39.87
3
3
21.11
2
2
12.14
2
3
23.07
1
1
0.55
1
2
14.17
1
2
18.11
3
1
0.41
3
1
86.52
2
1
48.03
1
3
20.55
1
3
71.48
3
1
7.16
3
1
61.6
3
2
10.14
3
2
19.44
3
1
54.99
2
1
65.25
2
1
84.79
1
2
2.79
3
3
37.66
3
3
92.82
3
3
22.84
3
2
82.33
2
3
89.66
3
1
20.3
3
3
69.69
3
1
79.75
2
2
78.79
3
2
76.14
2
2
12.68
2
2
42.7
1
3
43.57
2
3
1.66
1
1
9.66
2
3
39.9
3
1
39.56
1
1
45.13
3
2
89.89
2
3
52.87
1
3
20.16
1
3
54.03
1
3
23.61
2
1
6.7
2
1
90.64
3
1
46.3
2
2
68.92
2
3
91.0
2
2
20.72
3
2
8.54
2
1
55.73
2
3
15.46
1
3
35.75
2
3
37.25
2
3
81.0
2
2
64.1
1
1
26.31
1
1
75.69
2
2
52.42
1
1
70.71
3
2
96.4
1
1
27.74
1
2
60.18
3
3
54.03
2
1
2.42
1
1
95.39
3
2
29.87
2
3
23.07
1
1
77.96
1
1
28.53
2
2
41.1
3
1
5.94
2
3
2.99
2
2
60.59
3
2
3.55
2
2
76.24
2
2
13.22
3
3
44.86
2
1
52.74
3
2
93.86
3
3
41.49
2
2
49.39
1
1
17.55
3
1
2.32
1
3
19.18
3
3
66.56
3
2
32.97
2
3
49.38
2
1
29.82
1
1
6.79
2
2
12.4
3
2
3.2
2
2
91.35
3
3
73.32
2
2
18.84
1
3
49.03
2
1
90.17
3
2
19.81
3
3
68.56
1
3
29.89
2
2
75.99
1
3
75.01
2
3
81.29
2
3
75.93
1
2
89.91
1
1
53.54
2
3
46.19
3
3
38.02
3
3
12.45
2
1
52.21
1
1
45.06
2
1
41.53
2
3
24.4
3
3
62.72
3
2
65.4
1
2
78.48
3
2
93.5
1
2
8.93
1
2
26.68
2
1
60.74
1
1
15.6
2
1
57.21
3
1
4.49
1
1
42.7
1
1
99.82
2
2
46.16
3
2
76.25
1
3
76.84
3
2
93.76
2
3
94.97
2
1
71.33
1
2
81.48
2
1
81.37
3
2
45.32
2
1
67.83
1
3
64.29
3
3
89.35
2
3
50.43
1
3
14.44
1
2
9.43
1
2
13.63
1
3
61.24
1
1
90.98
3
2
12.82
2
1
60.35
3
2
65.92
1
3
86.37
2
1
50.4
1
2
11.13
2
3
70.41
1
1
11.78
1
2
47.06
2
1
56.78
2
2
6.14
1
2
77.14
1
2
59.42
3
1
40.06
1
1
73.58
3
1
86.52
3
3
77.96
3
1
7.21
3
2
93.93
3
3
53.68
1
1
92.07
1
2
85.8
1
2
10.97
3
1
4.96
3
1
97.25
3
3
9.96
3
2
87.58
3
3
93.31
2
2
10.21
2
1
85.13
3
2
91.16
1
2
66.47
2
2
67.02
1
2
77.16
3
1
73.16
3
3
35.06
1
3
75.52
1
2
17.51
1
1
12.79
2
3
17.49
2
1
33.13
2
2
80.37
3
1
82.19
3
1
6.97
1
2
22.56
1
3
91.1
1
2
21.39
2
3
55.38
2
2
15.74
1
2
24.82
3
3
66.73
1
2
9.29
3
2
4.21
2
3
5.93
3
1
16.95
2
3
4.15
1
1
9.67
2
2
15.34
2
3
25.1
1
1
52.53
3
3
5.32
2
1
29.6
1
3
80.67
1
3
40.31
2
2
28.66
2
3
51.88
1
3
73.07
2
1
66.27
1
3
97.9
3
3
85.71
3
1
49.58
2
3
27.03
1
3
77.49
1
2
25.88
2
3
28.52
3
2
61.46
1
1
24.88
2
3
76.69
2
1
72.16
1
1
87.67
1
1
28.44
1
1
94.82
2
3
14.08
2
3
19.99
2
2
74.03
1
2
38.41
2
2
39.78
3
2
12.01
2
3
78.28
2
2
21.61
3
2
8.26
2
1
27.86
2
2
49.07
1
1
49.65
1
1
45.13
2
3
39.07
3
1
26.46
3
3
65.13
1
3
89.1
2
3
85.09
3
3
80.43
3
2
46.36
3
3
89.64
1
2
15.76
2
2
23.84
2
2
20.58
3
3
40.49
1
3
38.61
3
1
63.19
3
3
0.41
2
1
10.51
2
1
99.43
1
3
16.66
1
2
59.23
2
2
69.87
2
3
28.07
1
1
28.58
2
2
51.11
3
2
79.95
2
1
11.49
3
1
75.7
3
1
40.49
1
1
78.19
2
2
65.05
1
3
4.36
3
3
67.56
1
2
65.45
3
2
23.34
2
3
93.83
2
2
27.49
3
3
63.55
1
2
54.22
1
1
51.75
3
2
81.86
3
1
65.29
2
2
47.69
1
2
52.33
1
2
14.36
1
2
90.35
1
3
62.89
3
2
99.7
1
1
70.96
2
3
54.26
1
2
57.03
3
2
90.56
3
1
54.75
2
3
48.29
3
3
19.84
2
3
34.74
1
2
57.46
2
2
85.09
3
1
0.67
2
1
10.53
2
3
23.97
2
3
1.59
3
1
87.26
3
1
95.4
3
3
92.04
2
1
99.1
1
3
95.59
1
2
84.77
1
1
85.7
3
3
24.34
3
1
82.46
3
2
90.18
3
3
91.86
2
2
72.89
2
2
27.14
2
1
51.82
2
2
95.36
3
3
8.74
2
1
47.78
1
2
28.97
2
1
56.27
3
1
3.12
2
1
26.97
1
2
76.46
1
3
44.97
2
2
88.17
1
2
97.45
1
1
43.97
1
3
40.13
1
2
75.2
3
3
10.59
1
1
98.83
2
2
0.24
1
1
95.75
2
1
32.52
3
1
91.97
2
2
16.02
2
3
71.75
1
1
21.66
2
2
70.29
2
3
38.92
3
2
28.52
3
2
94.36
2
1
1.35
1
1
51.43
1
1
46.91
1
2
64.71
1
2
39.13
1
1
91.89
3
3
30.83
2
3
15.27
2
2
86.13
1
2
68.24
2
3
97.09
3
3
73.14
2
3
50.06
2
1
36.03
1
1
94.23
2
2
45.7
2
3
40.66
3
2
20.61
2
1
3.87
3
3
46.29
1
1
78.72
1
1
89.27
1
1
8.34
2
2
93.35
1
3
53.25
3
3
94.61
2
1
47.85
3
3
52.92
1
2
1.25
3
1
89.14
1
2
98.52
3
1
9.94
1
2
10.28
3
3
89.02
3
3
48.05
2
3
16.47
2
2
68.13
1
2
9.04
2
2
77.22
2
2
40.06
3
2
82.63
3
3
51.97
3
2
12.67
2
3
83.92
1
3
30.36
2
1
30.19
2
3
48.93
1
3
71.97
1
2
8.51
3
2
45.92
1
1
46.13
3
3
49.12
2
3
58.41
1
2
79.73
3
3
1.65
1
3
17.28
1
3
77.03
1
2
19.1
2
3
69.13
1
3
82.41
1
3
49.73
3
1
38.29
2
3
41.21
3
2
1.47
3
3
1.33
3
3
94.15
3
3
54.36
1
2
30.87
1
2
